00000000000000000000000000000000000000000000000000
00000000000000000000000000000000000000000000000000
00000000000000000000000000000000000000000000000000
00000000000000000000000000001111111111111111100000
00000000000000000000000000111100111111111111111000
00000000000000000000000000111100111111111111111000
00000000000000000000000000111111111111111111111000
00000000000000000000000000111111111111111111111000
00000000000000000000000000111111111111111111111000
00000000000000000000000000111111111100000000000000
00000000000000000000000000111111111111111100000000
00000100000000000000000011111111110000000000000000
00001100000000000000011111111111110000000000000000
00001111000000000011111111111111111111000000000000
00001111110000001111111111111111110001000000000000
00001111111000111111111111111111110000000000000000
00001111111111111111111111111111110000000000000000
00000011111111111111111111111111110000000000000000
00000000111111111111111111111111000000000000000000
00000000000111111111111111111100000000000000000000
00000000000001111111111111110000000000000000000000
00000000000000011111110111110000000000000000000000
00000000000000011111100011110000000000000000000000
00000000000000011110000000100000000000000000000000
00000000000000011000000000110000000000000000000000
00000000000000011110000000111100000000000000000000
00000000000000000000000000000000000000000000000000
